6 22 8 35550
47 43 8 14536
6 28 14 3268
29 22 12 42400
52 1 2 12855
17 13 0 5232
21 45 5 4573
24 46 10 33576
47 6 15 14682
20 45 8 25668
24 39 0 40638
32 38 10 11560
32 39 2 25012
25 16 8 43225
42 19 13 36101
37 16 1 39833
51 35 2 8613
15 25 6 5215
34 52 15 783
43 22 3 43222
27 42 14 42568
48 44 12 12363
25 26 13 16549
21 25 13 36394
6 12 14 28682
9 16 0 17655
34 0 12 4123
31 37 1 7450
0 1 5 3453
50 24 3 30590
30 30 9 9884
37 38 11 6799
10 10 5 11329
45 23 10 18493
40 30 6 12089
0 42 9 8244
34 4 6 17338
24 30 0 3337
1 43 2 12147
17 6 9 28501
10 31 13 24646
43 9 8 1223
28 31 6 8975
39 40 10 34459
41 51 1 28535
20 32 3 33236
50 26 3 417
38 31 14 30200
11 25 1 20830
47 49 9 31677
47 19 11 7228
43 37 13 7719
34 13 2 9971
28 47 6 22950
39 14 5 90
46 3 2 22456
14 0 13 5919
46 40 8 28359
4 41 13 5400
17 41 14 43021
25 46 4 41577
31 41 14 37727
37 33 1 17112
28 27 1 1689
11 2 15 31257
26 0 14 29565
6 42 11 2003
4 11 12 589
1 47 0 10406
33 31 14 32229
15 35 2 11818
0 51 4 33345
42 49 4 33888
0 28 12 41106
17 35 10 42157
33 43 13 41752
7 33 8 40204
29 18 14 34070
47 40 10 28893
5 10 14 22210
24 36 1 41657
20 27 14 14680
51 50 1 26652
9 6 7 5114
32 48 5 27056
33 23 4 22071
10 19 15 30201
51 32 12 37018
10 33 13 36639
47 16 8 13743
52 52 7 18203
1 3 12 11656
21 52 8 3811
42 26 8 20537
38 30 15 17871
1 51 4 30734
19 5 9 36330
40 18 0 21994
33 9 11 35756
41 20 15 26849
3 9 4 8214
20 5 9 16947
1 16 7 10850
47 16 13 745
42 39 7 8505
23 15 11 6890
32 6 6 31587
7 12 10 7584
7 26 0 28477
6 35 8 14007
39 29 6 9946
8 41 12 31795
46 2 13 14874
22 34 4 19493
33 17 10 12892
40 3 8 27857
41 13 6 5474
47 37 7 103
21 9 8 30099
43 1 12 2867
23 16 15 30702
26 48 0 24036
27 14 6 35840
52 3 7 3666
26 14 6 8891
11 44 5 35965
31 25 1 32055
41 17 6 26521
17 14 15 30097
7 12 14 6793
52 33 13 18229
12 3 4 26319
4 0 9 11144
33 21 4 4555
35 19 15 17215
28 35 8 8787
34 11 8 35344
31 11 13 13798
45 8 5 12222
43 21 10 32046
43 36 5 30177
38 6 11 28034
20 49 3 33722
20 9 10 24167
39 7 3 29477
49 14 0 37243
8 19 7 38927
19 44 11 39379
11 46 3 501
21 2 3 5823
39 18 13 11049
21 1 10 27306
43 43 8 30293
34 22 8 12953
20 41 8 12143
44 20 0 43096
5 50 8 24527
29 14 7 34770
5 20 1 25660
46 19 4 25453
12 43 9 36604
9 30 6 1116
29 35 3 8749
0 20 6 38378
17 26 1 7285
7 13 14 5851
36 18 10 9336
33 22 1 5129
45 25 1 20000
2 5 9 4801
52 20 0 34593
42 42 8 988
2 44 5 40451
44 20 13 16438
19 32 15 37693
35 21 2 23476
52 25 3 978
2 12 1 29952
13 11 2 1058
24 35 8 2633
20 43 1 42024
16 37 1 35716
49 16 12 26057
3 39 3 16499
22 50 11 12978
7 22 14 26086
23 13 5 29028
47 45 1 31810
44 34 12 40688
52 31 7 3686
50 11 9 7276
21 30 10 32286
8 25 11 32094
10 11 8 42104
0 33 2 13211
45 17 1 4963
37 40 4 8325
40 23 5 1813
32 52 9 30350
48 7 7 4802
48 13 12 23439
10 52 1 16971
1 47 3 35031
42 27 13 917
42 46 8 41165
7 4 1 38840
49 29 0 37690
34 47 15 24273
34 0 1 38511
9 38 2 9578
26 13 2 34719
52 13 5 30729
9 39 2 32640
6 48 3 2593
11 1 5 3327
3 33 12 8565
37 46 8 31010
33 16 1 7290
3 16 7 8204
31 50 8 25460
51 46 8 24347
21 50 0 72
20 44 0 23311
28 1 13 35974
35 44 14 33356
0 49 7 22819
49 27 11 35716
11 2 3 16128
3 17 14 3867
3 30 7 12544
52 17 8 16996
45 15 9 34440
41 16 2 13746
41 6 6 17659
5 32 7 2205
50 37 6 34005
48 37 8 43227
18 36 11 13182
14 37 11 31211
36 52 6 40035
4 1 6 32295
41 31 12 18637
1 5 14 28482
9 9 11 13134
13 14 0 40409
44 1 13 12175
30 6 13 42572
32 26 2 2063
27 9 1 43005
52 7 5 1668
37 12 11 33173
22 28 7 13162
6 26 15 10504
48 15 13 42407
40 36 0 34874
10 46 15 16641
45 23 6 18147
10 6 11 13552
10 20 6 2151
4 52 12 23573
22 36 0 32629
12 45 12 8920
29 40 15 32075
1 34 15 12983
4 22 0 36898
31 17 6 9734
39 31 14 8131
23 37 5 19914
39 43 11 14843
32 25 11 3996
44 28 8 26773
44 25 13 37121
50 35 4 39142
31 23 5 2596
15 34 8 19965
24 8 6 35977
25 14 2 24102
35 52 10 22391
12 52 5 16406
44 38 3 17773
47 10 14 37920
13 43 4 14971
16 23 13 25287
8 23 14 14273
41 8 4 16311
9 33 3 18327
7 40 14 17689
6 11 6 20746
36 52 12 20945
7 42 0 2095
23 46 11 36824
16 2 2 3559
20 0 8 35674
12 24 4 22494
24 39 0 15304
30 30 1 42482
1 25 9 13473
48 37 6 19056
33 30 14 29930
46 18 3 34267
34 10 2 36515
35 22 2 3145
28 40 3 11221
10 44 10 30906
51 30 15 28416
33 28 13 10587
14 26 8 2686
21 17 11 32477
42 34 11 32316
39 42 12 14789
16 7 4 5150
18 9 10 39740
38 33 6 10681
30 13 8 35252
39 24 2 8231
46 32 12 16740
22 50 14 10251
6 25 11 1355
33 49 0 9361
37 48 13 15286
47 28 13 9086
33 4 5 1013
16 10 3 11069
6 50 11 20020
34 39 4 34495
8 41 12 33649
3 0 9 19435
15 14 1 30861
29 41 12 11245
42 34 1 39981
35 36 1 21322
46 0 12 19874
46 11 9 31555
20 36 7 7824
33 15 3 13994
48 45 7 361
16 22 15 19979
9 25 7 9091
7 29 15 43261
34 20 6 11224
44 18 4 7016
9 9 9 20108
11 23 2 1887
24 7 8 40384
18 51 13 39745
46 33 7 40726
34 44 5 24009
38 15 1 22190
9 0 6 23121
0 10 15 1498
52 33 11 40930
37 23 2 27144
47 27 5 20801
49 19 9 36870
1 24 14 1890
5 41 12 19582
28 51 15 16277
17 6 11 34815
34 52 2 34334
46 28 13 868
43 21 5 35889
10 22 15 8672
42 50 2 18954
17 23 15 5689
30 9 13 41318
26 12 4 28505
1 6 4 21702
47 11 4 22694
20 38 8 15386
36 24 5 22840
35 4 12 25058
3 18 8 26201
45 1 12 40347
31 36 6 26905
38 16 11 11984
3 39 14 23481
7 11 10 26291
34 43 0 11376
6 47 1 2292
15 29 4 17622
9 30 1 16926
10 8 4 25225
19 2 10 6860
33 48 1 37445
18 22 13 3110
2 39 6 1406
22 24 5 34314
33 22 10 22711
52 13 15 29996
50 9 1 4608
48 50 5 25409
28 39 9 6128
14 11 2 13412
17 9 11 35513
16 10 11 1836
35 30 9 18005
37 43 0 11726
39 4 14 2074
23 17 10 7074
14 20 12 40448
22 33 3 37048
12 17 6 42491
43 12 15 2904
33 14 10 38871
16 3 1 25231
10 38 3 5176
19 19 2 19419
3 3 0 36960
3 33 11 32550
37 44 0 23361
22 52 2 3212
11 2 6 27232
25 14 10 1949
42 36 5 6903
17 42 12 12518
34 9 6 13808
47 47 6 28500
10 33 13 5405
47 47 2 9275
43 27 11 21371
41 16 7 15023
35 43 8 9580
35 40 3 7557
51 43 10 36832
37 6 1 7869
39 46 3 22968
51 4 15 18920
3 7 13 16709
25 21 6 41514
9 39 12 7771
17 47 11 21288
19 34 7 14032
9 17 14 2570
51 29 1 35046
34 13 3 31069
47 16 0 13782
40 22 2 38321
42 39 15 12643
4 33 7 35369
15 17 9 29313
17 23 6 19386
43 6 4 39823
22 49 8 35683
11 27 1 16727
3 13 12 18559
21 43 9 26062
43 10 10 37803
15 40 0 29505
11 40 15 2681
41 8 13 35319
34 7 7 32743
23 11 0 24225
26 10 9 8586
5 43 11 23359
52 24 6 35478
27 31 5 40149
0 4 1 3670
14 20 2 26569
40 29 7 23557
8 7 10 30390
18 32 13 24282
43 10 15 27847
51 48 5 20912
37 16 0 21185
36 44 9 4615
44 28 2 1111
18 51 1 19593
24 32 8 22676
3 43 5 8646
16 36 4 6135
1 29 9 12652
44 42 1 25736
52 40 11 11717
48 45 8 25078
47 29 8 22785
43 17 11 34104
38 29 3 38956
34 11 10 14835
32 34 0 11984
32 41 8 34680
32 9 8 30434
25 23 8 25812
39 20 5 11744
34 17 1 16857
48 46 2 19631
8 11 13 1085
40 44 5 18924
12 12 12 38147
30 17 7 2438
27 52 12 39889
40 43 7 8524
28 2 2 35794
10 5 14 3604
10 14 0 42136
28 2 11 18926
1 12 1 36791
6 41 9 38920
14 1 7 19101
28 19 3 17420
28 49 15 22440
