1 2 5 191
2 1 5 396
2 0 1 355
2 0 3 261
0 2 1 176
1 0 3 122
0 1 4 274
1 1 5 219
1 0 5 214
2 2 3 358
0 1 1 77
0 0 4 207
2 1 1 386
0 1 1 387
3 2 3 182
3 1 1 386
2 0 2 177
1 0 4 242
2 0 4 193
1 1 3 333
3 0 3 82
0 2 1 279
3 0 4 185
1 1 2 381
2 2 5 365
1 1 5 204
0 0 4 156
0 0 4 300
0 1 2 245
3 0 4 142
0 2 2 272
1 2 4 238
0 0 1 89
0 2 2 254
2 2 5 253
2 1 3 68
3 2 3 351
0 0 4 108
2 1 1 395
3 1 4 211
2 2 3 289
3 2 3 303
2 2 4 80
0 0 2 262
2 0 2 328
0 0 3 157
3 0 2 365
3 1 2 265
0 1 3 366
1 2 5 207
1 2 2 101
3 1 1 123
3 0 5 331
1 0 5 200
2 0 2 163
1 2 5 160
1 2 5 147
0 2 5 262
3 1 2 268
3 2 4 354
2 1 3 221
0 2 3 258
2 2 4 223
2 2 4 325
2 0 4 397
3 2 3 76
2 0 3 212
1 2 3 80
2 0 1 183
3 2 3 138
2 1 2 274
3 2 1 227
1 1 4 163
3 1 2 373
0 2 1 164
0 2 3 167
0 0 4 214
3 0 5 358
2 1 2 318
1 0 2 203
0 1 3 66
3 2 3 242
3 2 5 168
1 0 1 355
1 0 5 151
3 2 5 160
2 1 5 393
0 1 3 308
2 2 3 216
0 1 4 264
2 0 1 217
0 0 3 176
1 0 4 117
3 2 1 386
1 1 4 96
3 1 5 88
0 1 2 140
1 2 3 171
1 1 5 390
1 1 5 363